-0.797677 -0.801438 -0.792139 -0.794689 -0.791432 -0.806461 -0.793146 -0.782231 -0.777523 -0.776186 
-1.28251 -1.28042 -1.28372 -1.25598 -1.2737 -1.25628 -1.28767 -1.2666 -1.29634 -1.27944 
-0.779186 -0.805203 -0.779486 -0.800358 -0.802306 -0.784234 -0.79394 -0.804883 -0.777517 -0.78444 
1.77932 1.78274 1.78502 1.78517 1.79249 1.79196 1.78733 1.78635 1.79474 1.78232 
-0.803838 -0.782778 -0.790778 -0.780372 -0.801964 -0.80341 -0.78775 -0.788781 -0.779104 -0.792891 
-0.795715 -0.806352 -0.786733 -0.792016 -0.791636 -0.788995 -0.783234 -0.808832 -0.781379 -0.777988 
-0.780897 -0.787699 -0.786012 -0.809503 -0.788931 -0.778492 -0.798128 -0.793911 -0.789107 -0.799583 
-0.804977 -0.777147 -0.779736 -0.784297 -0.803505 -0.797548 -0.803629 -0.807812 -0.775947 -0.776206 
-0.789007 -0.789278 -0.792564 -0.797231 -0.791659 -0.790172 -0.799569 -0.798065 -0.771141 -0.791142 
-0.786559 -0.779279 -0.784114 -0.790044 -0.803861 -0.782438 -0.807149 -0.813299 -0.776222 -0.790942 
