1.18801e-11 -3.77709 -3.77753 -3.77681 -3.77707 -3.77719 -3.77734 -3.77671 -3.77679 3.57583 
3.57531 8.19057e-09 -3.77692 -3.77715 -3.7774 -3.77773 -3.77765 -3.77733 -3.77758 -3.77756 
-3.7766 3.57555 1.13131e-09 -3.77775 -3.77774 -3.77731 -3.77713 -3.77708 -3.77705 -3.77704 
-3.77756 -3.77698 3.57556 3.34908e-09 -3.77769 -3.77704 -3.77684 -3.77681 -3.77714 -3.7774 
-3.77673 -3.7769 -3.77664 3.576 5.13468e-09 -3.77759 -3.77721 -3.77748 -3.77675 -3.77751 
-3.77684 -3.77677 -3.77659 -3.77659 3.57571 3.73327e-09 -3.77744 -3.7774 -3.77677 -3.77772 
-3.77731 -3.77764 -3.77696 -3.77769 -3.77774 3.57599 2.623e-09 -3.77743 -3.77707 -3.77694 
-3.77677 -3.7769 -3.77719 -3.77751 -3.77688 -3.7772 3.57557 9.05504e-09 -3.77688 -3.77763 
-3.77705 -3.7773 -3.77689 -3.77704 -3.77708 -3.77733 -3.77757 3.57535 4.04516e-09 -3.77681 
-3.77715 -3.7766 -3.77687 -3.77735 -3.77755 -3.77698 -3.77718 -3.77768 3.57579 4.80495e-09 
