-0.585308 -0.579836 -0.606012 -0.574366 -0.586748 -0.59484 -0.603483 -0.59344 -0.604825 -0.593535 
-0.904926 -0.910619 -0.909988 -0.933734 -0.915787 -0.922525 -0.917015 -0.903962 -0.910792 -0.924971 
-0.92502 -0.923728 -0.924331 -0.937058 -0.94426 -0.92427 -0.942502 -0.922022 -0.911699 -0.933913 
-0.946584 -0.948366 -0.955234 -0.947783 -0.949832 -0.959266 -0.93798 -0.945253 -0.957678 -0.961265 
-0.980982 -0.954561 -0.950751 -0.967671 -0.981279 -0.974383 -0.9817 -0.959239 -0.973428 -0.959978 
-0.983955 -0.986325 -0.985264 -0.986728 -1.00868 -1.00803 -0.987313 -0.986931 -0.997576 -1.01256 
-1.03264 -1.01132 -1.02363 -1.03015 -1.02301 -1.01642 -1.01011 -1.0066 -1.01333 -1.02061 
-1.02464 -1.0149 -1.04269 -1.03258 -1.03451 -1.04238 -1.04456 -1.01766 -1.04107 -1.03922 
-0.0279655 -0.0304859 -0.025445 -0.0417835 -0.0334552 -0.0430242 -0.0185173 -0.0372412 -0.0299047 -0.0233611 
1.94148 1.94446 1.93991 1.92985 1.92711 1.94032 1.92141 1.9456 1.92729 1.91786 
